330.75 331.46 331.88 333.18 333.95 333.48 332.04 329.92 328.48 328.45 329.24 330.59
331.65 332.76 333.54 334.66 334.77 334.21 332.85 330.72 328.88 328.71 330.23 331.68
332.66 333.18 334.97 336.19 336.92 336.14 334.77 332.62 331.27 331.28 332.42 333.63
334.98 335.26 336.65 337.73 338.02 337.95 336.31 334.65 332.35 332.38 333.75 334.95
336.11 336.71 338.3 339.06 339.23 339.34 337.52 335.74 333.9 334.21 335.34 336.74
337.9 338.37 340.04 340.95 341.47 341.36 339.26 337.76 336.19 336.17 337.29 338.46
339.28 340.55 341.64 342.54 343.03 342.52 340.82 338.54 336.96 337.06 338.52 339.85
340.98 341.73 342.65 343.96 344.63 343.78 342.38 340.17 338.25 338.29 339.62 340.89
341.7 342.93 343.3 345.3 346.03 345.63 344.25 342.27 340.35 340.3 341.57 343.13
344.1 344.81 345.45 347.32 347.63 346.94 345.61 343.56 341.37 341.63 342.98 344.75
345.23 346.16 347.73 348.26 349.07 348.34 346.81 344.88 343.26 343.16 344.53 345.93
346.57 347.28 348.04 349.83 350.44 349.94 348.21 346.09 345.12 344.47 345.98 347.14
348.5 348.72 349.72 351.34 352.07 351.6 350.28 347.95 346.47 346.64 347.99 349.16
350.33 351.67 352.36 353.68 354.21 353.68 352.66 350.35 348.92 349.14 350.24 351.4
352.91 353.27 353.96 355.64 355.86 355.35 353.96 351.88 350.07 350.29 351.51 352.81
353.81 355.04 355.74 356.31 357.32 356.36 354.86 352.98 351.3 351.63 353.02 354.35
354.84 355.73 357.24 358.66 359.13 358.14 356.25 353.73 352.24 352.33 353.8 355.14
356.25 357.11 357.84 359.1 359.59 359.33 357 355 352.93 353.35 354.3 355.57
357.01 357.31 358.49 359.28 360.19 359.52 357.37 355.66 354.01 354.16 355.41 356.91
358.19 358.94 359.97 361.26 361.65 360.83 359.38 357.5 355.74 356.03 357.54 358.95
359.93 360.86 361.81 363.28 363.69 363.2 361.57 359.09 358.14 357.99 359.47 360.7
362.06 363.26 364.17 364.59 365.12 364.92 363.55 361.4 359.58 359.6 360.9 362.27
363.09 364.02 364.51 366.38 366.64 365.53 364.35 362.28 360.31 360.84 362.49 364.38
365.26 365.98 367.24 368.66 369.42 368.97 367.84 365.98 364.03 364.4 365.49 367.19
368.15 369.05 369.7 371 370.96 370.33 369.39 366.9 364.8 365.37 366.71 368.11
369.27 369.6 370.59 371.8 371.59 371.7 369.91 368.23 367.01 367.03 368.37 369.69
370.59 371.52 372.43 373.35 373.84 373.17 371.54 369.49 368.19 368.45 369.79 371.23
372.5 373.2 374.07 375.02 375.76 375.54 374.09 371.85 370.73 370.55 372.24 373.79
374.88 375.63 376.44 377.73 378.59 378.24 376.68 374.55 373.14 373.14 374.76 375.93
376.99 377.88 378.9 380.36 380.62 379.77 377.42 376.24 374.31 374.48 376.17 377.5
378.46 379.75 380.82 382.29 382.45 382.23 380.71 378.78 376.68 376.82 378.38 380.09
381.42 382.21 382.68 384.68 385.03 384.05 382.45 380.38 378.82 379.12 380.13 381.78
382.9 383.87 384.54 386.5 386.56 386.14 384.57 382.05 380.92 381.13 382.45 383.98
385.52 385.8 386.05 387.17 388.54 387.88 385.64 384.11 383.19 382.93 384.2 385.53
386.93 387.49 388.82 389.54 390.14 389.5 388.03 386.13 384.73 384.44 386.02 387.38
388.71 390.19 391.18 392.46 393 392.17 390.21 388.36 386.84 387.24 388.65 389.79
391.33 391.86 392.58 393.23 394.19 393.7 392.52 390.19 389.04 389 390.29 391.84
393.12 393.87 394.39 396.19 396.74 395.73 394.38 392.36 391.11 391.05 393 394.34
395.57 396.8 397.44 398.38 399.78 398.65 397.26 395.2 393.47 393.7 395.16 396.83
397.85 398 399.7 401.31 401.77 401.26 399.2 397.01 395.34 396.06 397.26 398.92
399.98 400.35 401.55 403.18 403.96 402.78 401.29 398.9 397.63 398.31 400.18 401.86
402.52 404.12 404.87 407.44 407.72 406.83 404.34 402.25 401.05 401.6 403.52 404.47
406.14 406.45 407.27 409.04 409.69 408.89 407.11 405.08 403.39 403.62 405.05 406.81
407.96 408.32 409.38 410.24 411.23 410.8 408.66 406.97 405.53 406 408.08 409.09
410.84 411.75 411.93 413.34 414.64 413.92 411.79 409.99 408.54 408.51 410.29 411.76
