  9.96   8.96   7.98   8.04   6.04   6.25   7.53   8.33   8.80   8.28   7.24   6.20
  6.12   6.07   5.72   6.27   6.31   8.22  11.60  13.33  15.68  16.32  17.62  16.82
 17.98  17.16  18.00  20.06  20.86  20.32  20.76  19.75  18.91  17.64  17.45  15.85
 15.79  15.26  14.97  15.75  14.71  12.83   9.82  10.05  10.38  10.41   9.43   8.84
  8.08   8.33   8.31   8.91   9.01   9.06   7.81   7.67   7.62   5.82   5.53   6.20
  2.64   1.25   0.59   0.73   1.89   0.71   1.24   2.10   2.11   1.02   1.05   0.68
  1.18   2.85   3.75   3.16   2.50   1.72   3.27   3.24   4.12   3.70   2.39   1.10
  1.66   2.70   2.64   4.17   4.74   5.37   3.35   3.69   4.32   5.69   6.32   6.47
  6.64   5.58   5.43   3.66   4.15   4.95   4.24   3.47   0.84  -1.67  -2.96  -5.11
 -4.15  -3.17  -1.29  -0.50  -0.76   0.99   3.22   5.11   6.11   7.29   8.82   8.15
  7.83   6.31   6.37   6.70   6.76   7.37   7.26   7.09   7.54   6.74   5.89   4.26
