375  384  383  326  344  375  419  424  429  399  376  288
360  376  360  381  354  301  333  339  316  352  378  360
388  398  377  383  449  415  429  369  414  462  447  403
409  390  380  438  431  426  348  394  396  451  384  491
466  454  442  475  401  406  385  380  422  397  430  433
421  374  401  451  465  456  469  466  412  427  414  384
328  395  381  360  383  383  403  425  422  414  382  390
320  412  437  421  450  442  450  412  422  372  375  392
356  392  426  442  426  406  392  426  445  464  379  409
497  459  513  549  447  445  432  514  565  557  601  582
587  560  590  556  582  527  585  556  574  556  582  583
644  620  618  623  546  568  595  605  598  592  558  595
549  637  568  605  594  567  545  545  592  576  593  603
631  614  617  546  632  673  732  593  693  730  731  733
802  755  805  751  855  769  800  825  799  802  765  827
760  781  769  766  752  751  761  873  750  758  772  791
813  781  797  802  782  838  756  764  796  781  780  679
748  759  749  756  802  754  792  772  769  731  746  741
712  723  698  746  754  735  722  737  728  773  723  741
738  765  748  707  808  746  773  751  721  731  735  701
762  783  796  803  806  765  781  768  812  854  858  818
856  897  817  872  895  825  922  915  902  908  911  919
861  827  855  867  836  916  828  835  792  771  757  756
712  733  746  728  707  666  636  676  696  654  613  677
705  680  699  650  687  638  670  555  631  676  659  689
