80.764 84.51 85.599 86.497
81.23 85.784 86.559 87.745
83.325 87.652 89.238 90.308
85.099 89.703 90.466 91.141
87.608 91.178 92.619 94.142
90.032 92.792 94.406 95.34
89.127 94.497 96.292 98.272
93.38 98.243 100.136 102.491
95.067 100.969 102.066 104.413
99.58 104.968 105.716 107.863
102.42 104.601 105.52 107.272
103.089 107.123 108.449 109.326
106.068 109.971 111.137 113.96
109.672 113.869 115.76 118.366
111.822 118.179 119.463 122.235
117.614 122.73 123.706 127.31
124.369 127.814 129.445 129.594
122.776 127.962 128.372 130.923
126.48 129.72 130.632 133.918
130.579 137.787 138.496 140.614
137.044 141.391 141.567 143.643
139.769 142.609 144.571 147.598
143.32 149.961 151.498 154.824
149.215 153.326 154.339 156.279
152.258 155.108 156.192 160.539
154.668 162.079 163.235 168.522
163.441 168.364 169.566 172.83
