17
21
37
27
38
39
53
45
31
36
37
47
32
26
31
30
31
34
38
35
40
35
29
33
22
17
21
39
26
37
42
38
39
36
34
33
25
20
20
25
32
45
39
25
48
28
30
35
30
23
24
33
34
33
35
47
40
35
26
23
27
14
14
24
33
39
39
32
39
34
21
38
38
28
25
28
30
42
32
33
33
32
38
39
20
26
24
35
30
34
35
35
37
36
34
40
29
22
24
28
37
32
46
37
36
32
40
30
34
26
24
22
22
39
28
40
32
28
42
31
25
19
24
34
39
28
30
29
30
27
32
21
16
25
17
23
26
33
30
45
28
39
45
21
18
14
35
23
25
24
32
29
33
32
26
38
33
19
27
15
44
22
20
36
33
25
34
22
20
13
18
22
24
28
24
29
33
28
25
26
