1216.5 1222.4 1220.1 1220.7 1222 1221.6 1229.8 1229.6 1235.3 1233.7 1234.4 1233.6
1233.7 1233.3 1233.9 1235.1 1235.3 1237.4 1242.2 1240.8 1242.9 1241.4 1240.1 1242.3
1244.6 1248.3 1248.9 1249.6 1252.1 1253 1252.2 1253.4 1253.5 1255.6 1259.4 1260.6
1263.2 1265.5 1265.6 1268.9 1274.5 1278.5 1278.7 1283.2 1286.3 1291.2 1292.3 1294.1
1296.4 1297.7 1303.6 1310.8 1314.5 1323.7 1323.5 1328.1 1331.3 1329.8 1338.3 1338.7
1344 1349.5 1353 1351.4 1350.6 1355.4 1357.5 1363.4 1363.7 1366.6 1370.2 1374.2
1375.8 1374.4 1378.7 1382 1378.8 1379.4 1383.4 1388 1383.8 1391.2 1392.7 1393.7
1394.1 1394.6 1395.8 1398.8 1403.8 1405.9 1409.8 1409 1411.6 1416.5 1418.4 1424.6
1427.9 1431.5 1430.1 1434.1 1441 1445.1 1445.4 1447.4 1447.8 1451.1 1453 1459.1
1456.1 1461.1 1462.6 1469.1 1469.9 1472.4 1472.5 1470.4 1469.5 1472.1 1472.9 1475.5
1474.3 1477.2 1483.4 1476.1 1476.6 1473.6 1481.9 1483 1480.7 1482.2 1481.2 1476.4
1477.1 1474.3 1472.4 1471.5 1471.9 1468.4 1466.4 1466.9 1462.8 1455.2 1452.2 1450.8
1452.6 1450.4 1446.8 1449 1448.7 1449.1 1446.8 1444.6 1446.5 1444.2 1445.5 1444.9
1442.8 1440.4 1437.4 1436.5 1436.2 1435.3 1436.5 1439.7 1442.7 1444.2 1444.9 1447.4
1448.9 1448.5 1449.8 1453.5 1453.4 1456.9 1461.6 1460.9 1459.8 1463.4 1464.5 1466.2
1464.7 1471 1475.7 1477.1 1478.5 1479.1 1483.4 1484 1488 1487.1 1487.4 1487.8
1493.9 1499.7 1501.6 1503.5 1503.5 1506.8 1503.2 1503.7 1507.2 1508.1 1509.4 1513.6
1514 1514 1513.2 1514.8 1517.2 1521.9 1520 1519.7 1519.6 1522.3 1526.5 1524.9
1528 1528 1527 1527.1 1528 1526.4 1526.8 1525.6 1525.2 1521.6 1516.3 1511
1502.9 1499.6 1490.7 1482.3 1480.9 1476.2 1470.5 1471.6 1471.6 1468 1467.3 1462.8
1463.6 1464.4 1467.8 1471.9 1472.9 1469.9 1468.3 1466.5 1464.6 1473 1474.5 1475.6
1475.6 1476.8 1479.1 1483.9 1484 1482.5 1487.2 1489.2 1491.1 1492.7 1494.5 1496.5
1500.1 1502.7 1507.1 1508.5 1508 1506.7 1509 1513.1 1509.5 1512.8 1513.9 1515.5
1517.1 1521.5 1519.9 1518.8 1523.9 1527.1 1535.2 1539.4 1533.4 1533.1 1535.1 1536.3
1537.4 1539.9 1541.2 1545.6 1546.8 1547.2 1546.5 1549.8 1549.3 1555 1557.4 1559.1
1562.1 1564.8 1567.7 1566 1567.6 1569.3 1576.7 1575.1 1576.4 1576.3 1583.6 1584.7
