-0.141
-0.012
-0.177
-0.17
0.193
0.129
-0.063
-0.059
0.19
-0.1
0.08
0.32
0.181
0.028
0.036
0.025
0.085
0.084
-0.223
-0.226
-0.173
-0.012
0.614
0.391
0.13
-0.188
-0.199
0.176
0.033
-0.136
0.004
-0.362
-0.077
0.05
-0.084
0.323
-0.16
0.405
-0.21
-0.385
0.009
-0.158
-0.042
-0.294
0.137
-0.016
-0.057
0.012
0.039
0.194
-0.163
-0.173
0.116
0.14
0.079
-0.162
0.031
-0.18
0.033
-0.015
0.052
-0.024
-0.336
-0.156
0.211
0.183
-0.119
0.019
-0.05
-0.103
-0.053
0.291
0.137
-0.252
0.198
0.138
0.073
-0.207
0.432
0.272
-0.062
0.037
-0.141
0.49
-0.007
0.457
0.425
-1.356
0.126
-0.285
-0.031
0.321
0.023
-0.128
0.295
0.197
-0.053
0.067
0.385
-0.232
-0.324
0.046
-0.021
0.016
0.081
-0.136
0.264
0.15
0.1
-0.153
-0.188
-0.05
-0.219
-0.12
-0.06
-0.09
0.013
-0.103
0.072
0.158
0.163
0.151
-0.18
0.407
0.033
0.187
-0.095
0.096
-0.321
-0.251
-0.264
-0.008
-0.033
-0.185
0.027
0.226
0.248
0.029
0.059
-0.224
-0.283
0.052
-0.263
-0.398
0.028
-0.099
0.268
-0.429
0.058
0.04
-0.029
0.159
-0.168
0.188
0.158
0.178
-0.078
0.098
-0.183
0.039
0.198
0.092
-0.043
0.239
0.095
-0.143
-0.09
0.042
-0.059
-0.367
-0.047
-0.135
-0.031
0.203
-0.054
-0.209
-0.056
-0.107
-0.002
-0.037
0.165
0.026
-0.2
0.086
0.14
0.106
-0.356
0.082
0.016
0.084
0.101
-0.03
0.2
-0.26
-0.056
-0.094
0.064
-0.031
0.137
-0.26
-0.068
0.021
-0.01
0.145
0.013
-0.171
0.006
-0.116
0.17
0.089
-0.009
0.2
-0.135
-0.1
0.217
-0.168
-0.06
0.022
-0.072
-0.192
0.222
0.045
-0.044
0.18
-0.095
-0.161
0.074
0.164
0.45
-0.067
-0.043
0.207
0.225
0.199
-0.411
-0.257
0.02
0.07
-0.04
-0.101
-0.179
-0.041
-0.009
0.022
0.158
0.086
0.117
0.042
-0.084
0.065
0.04
0.02
0.084
-0.004
-0.085
0.024
-0.015
