     2.70  
     2.00  
     3.60  
     5.00  
     6.50  
     6.10  
     5.90  
     5.00  
     6.40  
     7.40  
     8.20  
     3.90  
     4.10  
     4.50  
     5.50  
     3.80  
     4.80  
     5.60  
     6.30  
     5.90  
     8.70  
     5.30  
     5.70  
     5.70  
     3.00  
     3.40  
     4.90  
     4.50  
     4.00  
     5.70  
     6.30  
     7.10  
     8.00  
     5.20  
     5.00  
     4.70  
     3.70  
     3.10  
     2.50  
     4.00  
     4.10  
     4.60  
     4.40  
     4.20  
     5.10  
     4.60  
     4.40  
     4.00  
     2.90  
     2.40  
     4.70  
     5.10  
     4.00  
     7.50  
     7.70  
     6.30  
     5.30  
     5.70  
     4.80  
     2.70  
     1.70  
     2.00  
     3.40  
     4.00  
     4.30  
     5.00  
     5.50  
     5.00  
     5.40  
     3.80  
     2.40  
     2.00  
     2.20  
     2.50  
     2.60  
     3.30  
     2.90  
     4.30  
     4.20  
     4.20  
     3.90  
     3.90  
     2.50  
     2.20  
     2.40  
     1.90  
     2.10  
     4.50  
     3.30  
     3.40  
     4.10  
     5.70  
     4.80  
     5.00  
     2.80  
     2.90  
     1.70  
     3.20  
     2.70  
     3.00  
     3.40  
     3.80  
     5.00  
     4.80  
     4.90  
     3.50  
     2.50  
     2.40  
     1.60  
     2.30  
     2.50  
     3.10  
     3.50  
     4.50  
     5.70  
     5.00  
     4.60  
     4.80  
     2.10  
     1.40  
     2.10  
     2.90  
     2.70  
     4.20  
     3.90  
     4.10  
     4.60  
     5.80  
     4.40  
     6.10  
     3.50  
     1.90  
     1.80  
     1.90  
     3.70  
     4.40  
     3.80  
     5.60  
     5.70  
     5.10  
     5.60  
     4.80  
     2.50  
     1.50  
     1.80  
     2.50  
     2.60  
     1.80  
     3.70  
     3.70  
     4.90  
     5.10  
     3.70  
     5.40  
     3.00  
     1.80  
     2.10  
     2.60  
     2.80  
     3.20  
     3.50  
     3.50  
     4.90  
     4.20  
     4.70  
     3.70  
     3.20  
     1.80  
     2.00  
     1.70  
     2.80  
     3.20  
     4.40  
     3.40  
     3.90  
     5.50  
     3.80  
     3.20  
     2.30  
     2.20  
     1.30  
     2.30  
     2.70  
     3.30  
     3.70  
     3.00  
     3.80  
     4.70  
     4.60  
     2.90  
     1.70  
     1.30  
     1.80  
     2.00  
     2.20  
     3.00  
     2.40  
     3.50  
     3.50  
     3.30  
     2.70  
     2.50  
     1.60  
     1.20  
     1.50  
     2.00  
     3.10  
     3.00  
     3.50  
     3.40  
     4.00  
     3.80  
     3.10  
     2.10  
     1.60  
     1.30  

