42523 46029 47485 46692 46479
48513 42316 45717 48208 47761
47807 47772 46020 49516 50905
50226 50678 53124 47252 47522
52612 53800 52019 49705 48864
53281 54668 53740 53346 56421
49603 52326 56724 57257 54335
52095 49714 53919 54750 53190
53791 56790 49703 51976 55427
53458 50711 50874 49931 55236
57168 56257 56568 60148 51856
54585 58468 58182 57365 55241
54963 59775 62049 61767 61772
64867 56032 61044 66672 66557
65831 62869 63112 69557 72101
71172 71644 75431 66602 70112
74499 76404 75505 70639 71248
78072 81391 80823 82391 86527
77487 83347 88949 89892 85144
75406
