1.15934756631832 3.38609522274297 4.85885018577384 6.73708128190157 8.35605697438066
11.2679257856272 13.1199074587306 12.9601623657429 13.5282270207667 14.4736206452486
15.2834581374061 17.3817622435523 19.0719077956618 19.2904173365323 19.9517039892957
21.9014813442401 24.8159741014272 27.859871255349 31.3063873333031 36.0982682468067
41.9374301825314 47.5415549595293 53.8471509661912 58.865350739683 63.212444745095
67.6778742949338 72.564090508427 77.6346182515617 83.6446017732025 91.3446581734734
99.5817820053229 108.121311286133 117.371755305588 129.284588193945 143.537482327197
158.989229716429 174.244178080543 188.319757754512 202.267018509739 216.325339121685
229.181578429578 240.164393885506 248.312357403913 253.959791506654 262.037538470241
271.447238459298 280.596573823286 289.963202706653 297.854478998795 306.42389510437
316.279681813703 325.099130054084 331.94531359204 337.790979219099 344.680764757053
350.75833001463 353.185958250029 351.412603353244 345.637611255801 338.697690115776
333.536554725558 330.390875271741 327.631963089427 324.530184163038 321.14768574402
317.896711823594 315.440752828344 313.878945333552 314.434903778633 315.530035397516
317.162324322756 318.212253321307 319.97924750982 323.839546067664 328.109276379264
332.35789906264 336.382114127992 338.60352049303 340.021286946527 341.075184168402
341.151863778171 340.532042334988 339.202880302172 336.179667813423 332.7988320034
331.392384752076 332.339065278337 333.511921144199 333.042418539104 329.82263742856
324.502157314632 317.218457742917 308.614046721858 300.269641771381 292.205694713026
284.590658653918 276.860231068967 268.621713663158 258.97295113542 248.366405163613
237.924716009455 228.775460460235 221.493705814615 215.722042460485 212.619375938236
213.46907739555 217.652872756144 222.874548528934 227.287772664642 231.372889687164
235.64699868111 242.057215481986 250.593861050147 260.886017782589 272.757110119288
283.96975750786 294.01217635741 303.283539065416 310.791511931845 317.435951824717
323.629143634212 329.734677310266 335.851131314382 339.008363504628 339.976798826468
341.757603219069 343.989021927745 345.978968502364 345.56885637898 342.881405666602
339.688754030366 336.776552044236 333.635903863514 330.16101029689 328.135888227904
328.875259282977 330.030984868936 330.518907703481 330.992893243753 331.653571281883
330.89837825705 328.518777406066 326.566337830621 327.216713941328 329.839397557362
332.574121716527 333.801274797385 335.068061853743 338.121335437403 341.93387856777
346.193069987256 350.00289409039 353.316789164805 355.337196737708 355.976078199068
355.341859608681 355.83990460394 357.209895649336 358.400328016547 359.742471432725
360.919290500296 362.11366497492 363.717630855972 365.279304288756 367.153328956652
367.975110452866 368.462041988786 370.039059981811 369.696581181752 367.528259927413
366.476850997768 366.118442180136 365.667008322267 365.054400617018 364.30026595862
361.360440550029 356.280717912117 352.107068191527 348.669419079618 346.056512301138
342.346033959863 338.760861229347 336.290294657575 334.081532928035 333.307227726943
333.95733226893 334.918932025797 335.157747823543 336.085313445857 337.980087925769
338.045552897026 336.944150726109 335.085980843201 333.207552604391 331.379853629786
328.528161946577 327.826753263731 331.096003272403 336.230840247394 342.265539269808
348.539264085617 356.457998301027 366.010420547727 376.661639391445 387.810702350517
399.297050731273 412.288165368599 424.863185873964 434.385998812226 443.256325680364
451.827677077422 459.751031527516 466.294627726884 471.361692744446 475.093992384057
478.728950501665 483.181733008334 489.561763331778 497.842516273403 505.798284462009
513.960691926947 523.479466302016 533.940460706835 546.440250738755 559.860676537479
573.21885790343 586.708343792685 600.475826247867 614.552317404551 629.382811643586
646.159165093895 663.490282610544 680.062675545449 697.315079039728 715.745742624348
735.84761140456 755.604331258127 774.663216781941 794.439235239723 814.419840743039
833.821130664276 852.606308725425 872.095012283013 891.589137422269 908.580298379773
924.320669675571 939.905201732118 954.237904956783 967.0130342736 979.76346461738
991.839969630798 1003.46326150684 1016.19390208884 1029.12545314433 1042.24998748231
1055.88729701731 1069.57278020164 1082.74076138982 1095.41989704029 1108.33123706031
1120.65048432446 1132.52508729459 1143.85519310847 1154.61635164973 1165.65680533425
1176.94155465649 1188.04367764438 1199.04496333681 1212.03600300023 1226.43811684844
1239.37233877263 1250.42708015385 1261.1068719113 1273.32618856379 1286.52052923319
1300.17981713778 1313.61328810934 1327.0324488962 1340.01435555342 1351.35614313644
1361.58184366386 1371.75349854771 1381.06894405538 1390.69610872959 1402.73843261903
1416.10158252147 1431.05501729071 1447.78561376111 1463.96646747096 1479.60766048617
1496.34736407095 1512.88990995342 1528.88478194613 1544.36401845001 1559.70265814244
1576.00718565649 1593.88427583441 1613.04757955542 1632.40254137247 1653.07578418788
