   50.7000   44.0920   54.0040   57.7296   49.5032   60.1744   49.7360   45.6200
   71.7936   54.0888   48.1592   62.2320   57.5096   70.3368   65.3608   46.7840
   57.8912   61.2024   64.5216   69.0184   59.7592   63.4120   68.8832   63.8432
   66.3768   85.5552   43.2032   79.2968   66.6368   77.1784   68.4280   73.0128
   70.5848   65.6632   76.7136   83.5776   63.4512   94.3424   68.7528   85.6616
   76.6392   62.6384   85.8120   85.4304   77.1752   86.4304   87.8216   86.0632
   74.2888   99.0984   80.0352   75.4208   92.3312   83.1536  106.1416   71.5248
   89.3424   82.6776  103.3720   91.1288   91.5968   98.5616  107.5088   80.1768
  105.8144   84.9592   88.8000  117.5776   97.3080  103.0216   85.5944   95.8176
  103.7344  115.7344  103.4480   90.9328  100.3872  110.2440  101.7080   93.5576
  120.1616  127.8472  105.0080  103.1976  101.1176  118.6816   97.3432  122.5496
  109.8656  118.3720  102.2304  111.1408  134.7720  100.3328  112.9824  117.4968
  125.4040  120.8296  109.7760  133.0096  117.5936  120.6416  124.4664  107.3400
  140.4920  115.4296  116.1792  126.9176  124.3920  132.6896  135.5480  118.3992
  133.7920  130.0184  117.0824  127.1584  138.6216  144.3224  129.2696  141.4152
  129.4704  135.8208  146.7728  124.0832  145.5520  122.2392  128.7864  153.1584
  145.8000  140.1840  138.1696  137.1040  158.5160  127.3536  156.8080  143.0888
  153.8280  130.6528  154.4384  158.9936  133.7904  142.3168  154.0800  148.1720
  140.4768  167.5376  144.9400  168.4728  152.9352  139.4992  164.3752  155.1336
  163.3088  148.0112  162.2472  153.2672  184.5624  151.8360  161.0088  150.6840
  163.8832  149.0440  183.0856  156.5376  165.5448  169.9264  173.1112  161.0856
  169.6472  160.2800  177.5456  156.5896  178.9400  176.1152  169.3512  164.6888
  184.0680  176.5664  169.8216  179.6528  181.3856  168.3440  191.0944  170.0144
  174.9592  183.8384  189.8776  182.1984  169.6808  186.5944  181.4176  185.0136
  177.1888
