   50.7000   76.0432   71.9192   63.2144   52.0880   59.3992   59.3992   51.5712
   56.7528   67.3248   75.7672   75.6616   78.5208   67.6472   78.1784   79.0016
   68.4512   71.0920   74.5408   63.3224   74.9080   78.8224   81.6776   88.8248
   91.8000   82.2720   85.1704   76.0296   78.3408   73.9120   65.5856   62.6944
   59.1192   62.3200   52.7896   55.4104   55.1152   70.6464   76.4952   70.6240
   82.6720   71.6360   80.5280   93.1872   98.1184   87.0192   89.2512   82.4648
   75.5680   77.4232   86.9784   73.7736   79.2928   75.1248   72.0928   61.7952
   64.9568   75.2248   73.6568   80.3600   75.4184   77.6552   87.3264   77.5576
   66.0824   73.2712   86.1320   93.9864   98.2344  107.5128  104.9608  111.0080
  114.8880  123.4600  123.4576  115.5040  106.2992  111.0760  111.8056  103.3664
  105.2840  110.7552  122.0984  126.3032  143.6840  147.9648  146.2488  156.8512
  172.1264  149.0208  139.9752  143.1608  152.0752  140.5304  132.2744  128.9984
  129.8248  135.6944  125.4048  126.7272  131.8416  122.8728  124.0272  128.9944
  135.8576  134.1312  120.3232  134.5904  135.4424  138.5792  152.6648  164.1888
  154.9552  152.5760  146.3136  149.0056  135.7696  139.6464  146.3352  152.0728
  154.4848  153.7768  157.7368  160.3656  169.4456  170.6152  177.1016  170.8560
  166.4960  161.9304  159.3296  142.9192  161.7584  170.2592  176.5496  173.2952
  175.8568  172.4120  176.4488  178.5064  180.2048  180.4512  174.2064  173.1912
  169.4280  174.4896  156.6488  163.0528  163.6648  152.8768  177.9256
