
   60.0000   52.6920   54.5960   59.5256   55.5288   61.5032   56.3392   46.3592
   61.8528   58.9416   49.4008   53.2328   51.6424   62.1792   67.0400   52.6240
   48.6152   47.2176   48.4392   53.4576   48.5168   46.5288   49.3120   46.3552
   45.2320   62.5872   36.8904   46.5872   42.9240   49.1024   45.8304   46.4432
   43.9280   35.7912   38.0048   46.3824   33.9336   51.6759   43.1287   50.7903
   48.7295   31.9680   37.6800   42.3104   37.9856   42.2160   47.1375   49.6007
   39.5895   53.6879   48.0231   37.0440   42.2752   37.6288   55.2703   37.5952
   37.0376   29.1152   41.1872   40.3160   39.2128   44.3744   57.7831   43.1599
   53.4743   42.2335   34.1335   54.1111   53.1191   57.1407   43.0351   38.4527
   41.0871   55.0215   55.9695   43.7023   40.1895   45.8335   42.2415   29.7991
   43.2607   63.7079   60.6159   55.0135   46.6311   55.1127   41.5559   52.5055
   50.0711   55.4431   43.9735   40.7143   60.3863   44.9191   41.4015   41.6983
   49.2023   51.4319   41.9079   54.9175   51.8111   51.0527   53.4191   37.9591
   54.9511   46.1807   37.4599   38.7775   36.8695   42.5591   50.4071   40.4063
   45.0983   45.3167   31.8991   27.8575   34.5791   46.3015   42.2711   49.6863
   44.4567   44.8775   55.5503   42.8335   50.8855   34.9247   24.8111   38.3695
   43.8695   43.0535   39.5231   34.2271   49.6431   33.1967   45.5047   43.3935
   51.3215   35.3743   42.5127   53.5063   38.5967   31.5135   35.4935   32.8655
   21.8423   37.1799   29.2199   44.0927   42.7279   27.2271   35.9023   34.6359
   40.8447   31.0559   34.8031   28.8703   53.5327   44.7687   44.4775   33.1615
   34.3447   19.9887   38.9743   30.7119   30.7567   34.4831   40.6943   34.1799
   35.5271   26.8071   34.6527   20.8424   28.6824   32.9976   29.8488   21.3376
   31.5056   33.4720   27.9936   31.6464   36.3320   27.2760   40.2704   31.4848
   26.9440   30.5824   39.5600   40.1584   27.5392   31.1336   28.8512   29.4648
   21.5536
