-0.146131649560547 -0.40805135172706 -0.212598217377834 0.691567442593005 0.037213563836051
-0.30567945610907 0.472809915628741 1.24777679572378 1.61433889460656 2.2076914078731
1.54861812792555 1.10807552571758 -0.25258832725345 -2.16664947082161 -3.87734878841269
-4.88520973980768 -4.5958983235059 -2.58652863915728 -1.72909455370898 -0.55128413661559
0.45835807121279 0.885738893223263 0.48828011893061 -2.17665094509437 -3.36001400451351
-4.71852038090286 -6.60993900909839 -8.68634515718367 -9.20455936110097 -10.5093729752705
-10.1084346489623 -9.78637733015576 -8.78135893998961 -8.6331202506167 -8.71626643338032
-7.5540798955407 -6.08813193326512 -3.99634391230774 -3.11082684508189 -2.24527031610019
-0.773498775861129 -0.467012046620587 1.09969149602301 1.01754629078033 0.178903828155655
-0.0512626054951085 0.652312648360227 0.351145359137426 -0.920364322356393 -0.681816707781457
-0.356750145272943 0.137614136312686 2.76043514787456 4.10535520847372 3.47108219058772
1.92524660177219 1.71874859897304 1.07529888317261 0.607658864690287 0.282000076769849
-0.787059035513717 -2.36623887567281 -0.514338387088032 -0.523084693654151 -0.405812581769162
0.123537690272854 0.223154633614543 -1.40077455032937 -1.53548391644516 0.704624903687477
3.28473379538973 6.89280606570548 9.59513800261219 9.78464119059542 11.1949495715917
12.9122620194591 14.0693673104574 16.1410887039454 16.6729480655876 17.8305853315995
18.6569729587475 19.0529249080709 20.4517683900861 20.7977321865294 21.8751716131423
19.8795618023334 18.96501767073 20.12421517226 19.7958634311412 19.6667731280484
18.7668140099497 17.2811173522602 15.647033899292 13.34335416246 13.0773511830117
12.0573284114852 10.669759974088 10.9451555032819 11.8957081365161 11.2918779160853
10.1714948788014 11.4746449382348 12.8083751939161 14.1220177389164 14.8683321992935
13.9554914022743 14.6829200671249 16.1071931192348 17.6778002879718 18.9313241316071
19.2401780408099 18.2468749753551 17.6299199690603 16.5305709177278 15.8242695271735
16.2776926633683 15.7196567845815 17.4187371674885 17.8340912871668 18.4352713140166
19.3826613218554 19.9317349234002 18.631050331872 19.9757788933811 20.7621788976566
20.3745894020051 18.5667625353196 17.3064041827791 17.0319920219497 17.5364476610585
16.5516557227803 17.6866972786297 17.8099096449452 18.0288934166512 17.3823280544906
16.8152939723123 15.5234414019537 12.5616664302231 12.1755472301251 11.5194674572021
9.96115584796112 9.81780018228714 9.63513489838108 10.4253277231294 11.3183012557811
11.1185381011592 9.96624824193003 7.65402009851437 5.50717653230445 5.24473780643133
6.19238904297789 6.93599445670332 7.11943292487865 7.32866216953468 7.63206036224071
9.2371217907975 11.2002640132826 13.7193995015036 16.7902601285557 19.3305707698712
20.2148504879183 21.4979873120721 22.4540113451675 21.9500706670038 23.139826723073
24.0600167163064 22.993557015492 23.1703395097053 22.271229872254 20.3555202946095
19.3162082072558 18.8280072776551 19.1379798079274 20.6811708326733 22.5319239750355
23.6710759824025 23.9532055037987 24.1252213268192 22.239061902273 20.5159009859375
19.9022061775137 19.201843383787 19.2928574104222 18.7873443594132 17.4554347114053
15.3241021154879 13.2726074301503 10.9897900673701 8.6630456772674 7.6766110641536
7.39442667864587 6.85348368659498 6.94330448539479 8.68748575108522 9.94340524029253
11.3459716195421 12.6222256940808 13.0544924568852 12.6999777591204 12.8334306951078
11.8724990219318 10.464906108888 10.9203908040049 12.1364358789909 13.8895013675006
12.7661176412758 10.6911708882386 9.78735743982178 9.31335775413553 8.45786232564943
7.44711802910808 6.04579747020212 5.24918354597637 2.40656564642687 -0.179378309558706
-1.89946431728122 -2.1740949216585 -2.9788355483864 -3.40873960850159 -3.47319509131722
-4.22078060504106 -3.52335942239245 -3.69502863293236 -3.64808657384866 -2.36937095246308
-0.840329837492076 -0.378219909555418 -3.10864479966237 -6.03316851427255 -6.95425994827077
-7.49143334996644 -8.38887938665743 -8.3903593882357 -9.87883629256287 -10.3729170590871
-10.7783783141719 -9.56633022763078 -6.40959720435223 -3.42914315839025 -0.389370699463315
2.05319830479142 3.58463976476811 5.20457649888809 5.14013882814276 7.21812070091704
8.41690239348246 9.41220467937966 11.1953881513122 11.3897098392757 11.1151261163115
11.4741790672218 11.660968868729 11.5050230626503 11.0423390042534 9.86974519021487
9.06481522600995 9.08818271585431 11.4780000077644 11.1325307461615 10.9317568629199
11.586369778789 12.3282559225299 13.3353983775986 11.9828333466833 12.8139946788888
11.8765343473898 10.3204689500048 10.5303825161897 10.4050785583056 11.1524598745156
11.309929885696 13.5136783249772 16.2159111266934 18.5109126926361 20.0293064139364
21.1396625635502 21.1910423781234 21.5135364561873 20.3645875840674 20.8965206468081
20.369790974705 20.7851612237783 20.4633866415465 18.3265763987316 17.0015673827674
14.957374512239 14.2483422417441 14.7763852635369 15.288796344533 17.251450116616
17.9895774944476 19.1101656270122 19.2697396909095 21.2425753449284 24.5265534186901
26.9671027375081 26.2308543601836 26.7394326838022 28.1107228796784 30.7589818455625
