0.145321311729639 1.08147715140969 0.95571413609106 -0.665294218274026 -1.35478481505036
0.375633838535074 0.851821490822018 -0.816263197966616 0.777951487772364 -0.216178676087518
1.32475520314266 -0.000628636273401848 0.22392572286804 -0.597065407450284 1.67121456821894
-0.208071250853374 -0.558445550552278 0.802793571244112 0.513500275005644 -1.3160343441573
-0.328787298593256 -0.129125448518866 -1.74397629760372 2.20756209226172 2.11000435621017
1.1544867893895 -0.00645220587326565 0.255542044053189 -1.31025749615825 0.32837202907182
0.723230848810399 -0.433320520101033 1.19398008494251 -0.157809623817692 -1.15034297143656
0.0785571356154024 0.28640292967851 0.530546506980045 -1.32085007211697 -0.998525715429613
-0.137491663831701 -0.441344878367641 1.82261671495727 -0.404875945826693 -1.14326449496035
0.115853549587592 -0.323219655076241 -0.0830790222106786 0.999205349875565 0.790399521764064
-0.182075615244799 -1.12521093109578 -1.18157672725911 0.756007369135095 -0.349459978168558
-1.00738522164681 -0.442605443079102 1.18944733858484 0.606075067808832 -1.57838701048862
0.501140307129434 1.71070287158057 0.712309135095796 -1.61498794722791 0.0209320672565967
-0.450074123916808 -0.154896456562797 -0.493406138432542 1.10089496062559 0.953416901510638
-1.25396060692505 -0.666520598326744 2.09597565831916 0.372675015612771 -0.275091333145222
0.50388026104381 0.152819729395416 0.780600059370779 0.0550242968387934 0.922503087864248
-1.43512243748161 -0.35742990162244 0.0475288450502609 -0.373932151713108 1.43564104681612
-1.10268317689917 -0.231142430258905 0.786644021824513 -1.03413271218313 -1.42479954266257
0.242320789307661 1.56208081301305 -1.13777918643685 1.85876194528305 -1.09075880104085
0.322568479714686 0.424859558046259 -1.62583886900488 0.0265326747792367 1.10319090865809
0.612721605199385 -0.688291314926541 -0.817296276388316 -0.398113502266539 0.0431750989068307
0.219124941333595 0.239343867636041 0.540289993219851 1.00806195278777 -0.283303441032395
0.439873860015443 -0.192549498864093 0.0492849245736311 0.0940926702120575 1.28458701692147
-1.09258686936365 1.5997874402766 0.0877057086766382 -0.775286021470603 -1.39287433757625
1.09717855723687 0.789928258164623 0.115656007549038 -1.27868461485697 0.182058699461967
-0.113665876728097 -0.334650178347047 -0.145289943027902 -1.65011877699445 -0.963532707042847
1.3040068203828 1.05660477167204 -0.171428891775892 -0.450132484829133 -0.146727397541674
0.166992159461815 1.56055656499943 0.129895802152072 -1.05552916756099 0.0410393135690807
-0.84347804164563 0.338002805697672 1.01153988477351 0.207410019812254 -0.843664989081871
-0.330635904569987 0.780358021557519 2.07054230564521 -1.78679620450408 -0.47557248170715
-0.43159464820393 0.841777143872281 -0.518506272862936 -0.540887519192136 0.51394007173509
-1.15370777944516 0.225669114625866 -0.4302074738609 1.14530374976583 0.557658495666803
-1.17856537950253 0.246995277340058 -0.0108416346215488 1.02768531041868 -0.312896501104083
-0.0293410833226261 1.33405354568259 0.0315364283599865 1.19310034458678 0.436352720566431
0.453358009092453 0.308918314127372 1.0014297654589 -1.28717802821788 -0.227029734952835
0.308519177087932 -0.313066175273783 2.21988750805776 0.805139381789046 1.15239358920607
-0.0108740307626512 0.126864329910697 0.257367697847648 -0.90243680744241 0.618913983639886
-0.452416223341283 0.648795269455023 1.24821180264378 -1.21600342275268 -0.307877042289572
-1.63803760717317 -1.22264358740959 0.193584081456031 -0.231301255879227 1.3937700145867
0.0945545937028442 -1.51429769426471 1.41565078936245 0.534609739278479 -0.810123208854501
0.202470613634549 -1.11038544288206 -0.0437097263432526 0.653196104448309 2.42219960745574
0.412632543458425 0.34437681265171 1.63564223624975 -0.255232080535661 -0.375204233749607
0.371997465248226 0.305848093881876 -1.18955394863951 -0.0705700660658803 1.45626852441745
-0.268535699064325 0.617408568036601 -0.61210021532781 0.181051369981115 1.38222953018286
0.0684999426190955 0.683348329164427 0.791801512133181 -0.75717433643234 0.0945218655883828
0.111112574923555 1.18072414315889 -1.38417237112264 0.613984591586529 -0.264121263951476
1.50654173157513 0.0657078802733391 0.427942097819508 1.92435315469853 0.93251106059829
0.750810540532541 1.19829065065922 0.982572002381148 -1.22871396881756 -0.0440836683210478
-0.518656189085296 -1.96302890588527 -1.95841158140806 0.254568096970847 -0.642590036281025
-1.72471361029022 -0.712537601441807 1.68188068095293 -0.160313498103141 -0.608085837215222
0.980938749410171 -0.151436966694562 -0.962286286347449 -0.17274606541013 0.762810299996445
-0.473938425968372 0.790744460707272 0.491207608416103 0.189163785977594 -1.15925035720159
0.409506582947946 0.571634126826682 -0.169812755474598 -1.45206768877095 0.0829771020455928
0.84820206889009 0.358684449090031 1.00545128878242 -0.161852905043049 -0.0185780027168274
1.1003997574204 0.0044433118603377 0.51310891082916 -0.748381476302588 -0.358077222633639
1.08516183138803 -2.58411125559337 0.000454650927733463 -1.83031637230653 -0.562711457511278
1.71036701771376 1.066267733619 0.588474767290676 -0.379899316267854 1.19872722442205
-1.07157512416673 -0.394429128729589 0.276574677807522 -1.14315214551273 -0.254668161638425
-0.433197163242312 -0.175244347216322 -1.39095861776584 0.562229252911304 1.12163716492794
-1.18899925270752 0.867179959542321 0.196563596006109 -0.403938156094324 -1.10734026448595
