  -17.5453  -16.7145  -11.1183  -10.5326  -12.6435  -13.1911  -14.3396  -13.6014
  -16.2087  -20.7392  -24.6198  -23.0700  -22.0925  -20.4542  -11.3110   -4.6595
   -6.2853  -11.7064  -11.3627   -9.6781  -11.7560  -15.2965  -10.9622   -3.0984
   -6.3213   -8.5386   -2.9085   -2.1933   -8.0181  -12.2948   -9.7439   -1.9549
   -2.3808   -7.5250   -3.2487    5.5608    7.1488    7.9443   15.0668   19.3905
   20.9623   18.5867   17.4125   15.9692   14.7597    9.9033    6.1730    4.7391
    4.5979    5.9663    3.2967    1.2000   -0.7649    0.7292   -0.7244   -4.6094
   -4.2354    0.2971    6.7877    7.3673    6.1460    5.4048    2.9279    2.2117
    0.5112   -3.0081   -5.7744  -10.6538  -13.0511  -12.9905  -11.4297   -6.3326
   -1.8751   -4.4222   -8.5463  -10.2359   -7.5227  -11.5376  -19.7016  -23.3872
  -19.7561  -14.3019   -9.7804   -5.8372   -2.4125   -0.6972   -3.2334   -0.1948
    0.2187   -2.4631   -2.2423   -5.1779  -10.8000  -11.2721  -11.4789  -14.0949
  -13.4875  -14.5202  -10.9160   -7.7752   -2.9818    2.2396    3.5822    2.8997
    3.7824    6.0870    8.9712   10.0355    9.2089    0.5566   -2.5343   -7.6784
  -13.9233  -13.0294  -12.6608  -14.0495  -13.0325  -11.4763  -10.5995   -7.9540
   -5.6485   -4.8399   -3.0170   -2.3458   -2.3212   -0.0440    0.6889   -2.5866
   -0.9177   -2.9480   -7.4716   -9.9214  -11.3497  -11.2012  -14.4494  -18.2097
  -25.6323  -28.6962  -28.5641  -35.2931  -40.1144  -39.9758  -39.0708  -33.4052
  -28.8475  -25.8654  -23.0287  -17.7530  -11.9094  -11.1638   -9.8231   -3.5873
    3.0328    8.3496    9.1282    6.8619    6.6807    4.0775    2.5210    7.1171
   16.3632   15.0369    9.9544    8.1634    7.3754   14.0644   16.7149   10.9549
    4.0347   -4.8332   -6.6078   -2.3316    2.2085    6.9960   10.6065   12.1581
    9.9246   11.7979   17.2629   20.3846   19.5559   14.5793   12.0010   12.5199
   10.3157    2.9533   -2.5438    0.1818    3.9688    7.4793    8.7655    7.8896
   14.5412   15.6018   10.9125    8.8748    1.9497   -1.0831    6.0675    9.0867
