4.3156 -4.7453 2.3208 -3.1083 2.6742
-2.151 2.0488 -1.5053 1.4821 -2.465
1.3248 -1.6869 0.7568 -0.2313 0.8757
0.0041 0.8091 -1.5225 2.1307 0.3076
0.2713 1.9333 -1.3585 0.197 -0.4964
-0.4834 -0.3429 2.4838 -2.1294 1.3038
-2.4852 0.7948 -1.7882 1.8199 -1.924
2.6595 -3.0906 3.4746 -2.5382 2.6105
-3.5576 4.6353 -5.6168 3.4699 -2.8349
2.4382 -1.529 -0.5637 1.374 -0.0757
1.4964 -0.5754 -0.8648 -0.4966 0.5803
-0.9824 -0.0701 -0.109 1.1031 -0.2983
1.3815 -2.1824 2.0809 -2.241 1.8069
0.1048 1.6935 -1.9835 0.1558 -0.2769
1.029 -1.7117 1.7899 -0.6987 -0.2498
0.4922 -1.0777 0.7098 -2.0097 0.8493
-1.0716 -0.8353 -0.0457 1.4627 0.3452
-0.9717 0.9081 -0.3227 -0.0198 1.0562
-1.706 2.5205 -3.8075 3.2799 -4.1078
2.749 -5.3513 4.539 -5.5346 4.7357
-5.2706 4.3944 -3.1592 1.6424 -1.7841
1.8763 -0.9002 0.7896 0.1893 -1.8693
1.0639 -0.3056 1.7933 -2.7064 2.4642
-2.29 2.1775 -1.8545 1.8692 -1.9562
1.58 -1.8171 0.8175 0.832 -0.0933
-1.0321 -0.2648 2.0174 -2.203 2.1155
-1.2519 2.5781 -2.1431 1.123 -1.5558
0.8031 -0.0031 -1.2022 2.3163 -3.028
1.9866 -2.2685 1.8128 -2.4435 3.4632
-2.5085 3.0047 -2.1132 3.398 -3.9723
