    3.3937    1.6444    2.7582    1.3890    2.5195    2.1712    2.1593    2.9381
    1.6889    3.4285    2.1186    3.9256    3.3147    1.0789    2.9780    1.5067
    2.6848    2.0754    2.5234    4.0964    2.4909    2.5986    2.8088    1.0751
    2.1762    2.1695    1.4662    0.3558   -0.4432    0.5548    0.8313    1.1096
    1.5712    2.2629    3.2794    1.2891    1.5055    2.6024    3.2392    4.1706
    3.7653    3.3652    4.9996    2.8900    4.8105    2.0560    5.0861    1.1552
    2.9141    3.2826    3.0213    0.8775    1.4455    0.7015    1.0423    1.3519
    1.4415    1.2564    0.5438    0.9447   -1.2003    2.4329    0.4304    3.8151
    0.2249    2.4118    1.5269    1.8376    1.6721   -0.1487    1.5018    0.9376
    1.9472    3.0854    2.4668    2.3503    2.0251    1.7381    3.0180    2.7822
    1.9238    1.8895    1.7538    2.3245    2.3664    3.7192    2.6484    1.5333
    0.3966    0.2927    0.8374    1.3763    1.1246    0.0504    0.9997    0.3655
    1.8141    1.1700    0.3229    0.7824    0.6779    1.2515    1.1254    1.7595
    2.0066    2.3592    2.7032    3.1119    3.0187    2.5666    4.2454    1.7164
    3.6691    0.5461    2.5871    1.8199    2.2810    2.9585    1.5870    2.6567
    2.9269    2.6184    2.3742    4.3296    2.8530    3.5451    2.6896    2.8955
    1.5769    1.4965    3.9599    2.8346    3.2264    3.7763    4.7593    3.9637
    5.3638    3.3752    3.7883    3.5214    1.5473    4.0939    2.0752    1.1586
    0.2597    0.4662    2.2565    0.6730    0.9604   -0.2983   -1.4060    0.2764
   -0.3230    0.0372   -0.8857    1.1652   -1.0328    1.2959    0.2522   -0.2229
   -1.8862   -1.0868   -1.3154   -1.5424   -0.9829   -2.3632   -0.7286   -1.2522
    0.3421    0.4090   -0.0848    0.6156   -1.5526   -0.8554   -1.6013    0.5125
   -0.7539    0.0270   -0.3170    0.0055    0.5395    0.8184    1.6180    1.7422
    3.5182    2.6877    3.9659    4.8456    4.2461    5.6624    5.5016    6.0880
    6.1274    7.1315    6.6674    6.7147    5.6796    7.0130    5.8750    5.6929
