    2.1102   -0.5571    0.6350   -0.7500   -2.4973    5.4865   -7.0362    4.9175
   -3.5334    4.2431   -2.7678    1.0740   -0.9709    1.5055   -2.8513    2.2936
   -0.3202   -1.0711    0.5841    2.1127   -3.7291    1.9311   -0.1280    0.5305
   -1.5830    0.7924   -0.1918    0.0085    2.1953   -1.9445   -1.6490    2.1706
    0.4454   -2.8742    3.1214   -1.8966    0.9695    0.1709   -0.8972    1.1559
   -1.9679    1.6212   -0.5590    0.6397   -0.6394   -0.5305    1.0446    0.9287
   -2.9556    3.3709   -1.9157    0.3596   -1.0641    2.5434   -2.0064    1.4312
   -2.7505    3.9671   -1.1317   -1.8948    1.7624   -0.0152   -2.1331    3.7055
   -3.8856    1.6019    1.6103   -0.4813   -1.4925    0.8860    0.1818   -1.5062
    2.7065   -3.3325    4.0274   -4.9576    4.6384   -1.8609   -1.0445   -0.4616
    2.0928   -0.1439   -2.5631    3.6183   -2.3779   -0.2637    1.0051   -1.0187
    1.2407    0.2599   -3.0440    2.7888   -0.9741    0.4698   -2.2521    3.6648
   -0.0828   -4.2289    2.2017    1.0959   -1.8831    2.0317   -2.0991    1.9311
   -1.4104    1.4819   -1.0086   -1.7181    4.1624   -2.7856    0.1815    1.0224
   -2.2749    1.2844    2.2422   -1.6110   -0.5704   -1.6902    3.6068   -2.9192
    2.8907   -3.2291    1.1712    1.7593   -2.2144    0.6104   -0.8061    2.4485
   -2.6462    0.2335    1.6957   -1.2649   -0.8024    2.8081   -2.8399    1.1678
    0.4815   -2.7355    3.3329   -1.6416    0.2328    1.1953   -1.8775    1.7808
   -1.5590    1.7559   -1.8001   -0.3284    1.5584    0.3641   -2.5016    3.0297
   -2.4005    3.2001   -2.9860    1.1168   -0.2584    0.4066   -0.6951   -0.3433
    2.8242   -3.8109    3.3922   -1.2639   -1.9505    3.0152   -0.3407   -1.7960
    0.8822   -0.7848    0.9519   -0.3282    0.5494    1.1819   -4.5214    2.7137
   -0.7592    2.2706   -2.7898    2.6661   -1.9915   -1.1010    1.9801   -0.6720
   -0.8329    1.5474   -1.6157    0.7611    2.1939   -2.0414   -1.1190    1.1893
   -0.5716    1.7378   -0.8087   -1.0009    0.0728    1.9529   -2.2015    1.0395
