   -3.0804   -2.4774   -1.3018    0.1765   -0.6499   -0.5624    0.5036   -0.0566
   -1.2906   -2.2584   -2.1577   -2.4276   -0.9809   -2.2098   -2.2252   -0.8189
   -1.0615   -1.4051    0.0847   -1.2760   -1.6778   -1.9472   -2.7531   -3.0375
   -1.7590   -2.0338   -0.8037   -1.0051   -0.3640    0.7643    1.2132    1.7476
    1.4350    2.7138    2.4737    2.5981    0.7442    0.1006    0.9220   -0.4965
    0.9705   -0.0535   -1.5484   -2.0773   -0.6024   -0.7939    0.1419    1.0915
    0.9471   -0.1598    1.5783    0.9759    1.5844    2.0509    3.4256    3.1179
    1.9219    2.2054    1.4550    2.1602    1.9681    0.8467    2.1553    3.6772
    2.8661    1.3460    0.4517    0.0082   -1.0641   -0.6576   -1.3260   -1.7235
   -2.7075   -2.6197   -1.5380   -0.2999   -0.8095   -0.8132    0.3292    0.1770
   -0.4194   -1.7498   -2.1879   -4.2730   -4.7206   -4.4186   -5.6564   -7.4783
   -4.5026   -3.2844   -3.5951   -4.6219   -3.0913   -1.9718   -1.4748   -1.4906
   -2.1368   -0.7631   -0.8409   -1.3927   -0.1841   -0.2409   -0.7743   -1.5447
   -1.2414    0.5721   -1.1238   -1.1428   -1.4474   -3.1206   -4.4736   -3.2319
   -2.8470   -1.9767   -2.2257   -0.4837   -0.8808   -1.6294   -2.2591   -2.4731
   -2.2971   -2.7046   -2.9457   -3.9932   -4.0519   -4.7752   -3.9070   -3.2745
   -2.6163   -2.2037   -0.0649   -2.3323   -3.3074   -4.0062   -3.5119   -3.7446
   -3.2265   -3.6436   -3.8133   -3.9381   -3.8814   -3.0133   -2.7989   -2.2410
   -2.7862   -0.4686   -1.1816   -1.1706    0.2654   -2.7782
