  -23.7814   -7.3864   10.1950   27.0184   43.5026   50.5045   59.2860   68.7150
   74.4184   73.2678   67.1455   54.7752   43.5609   32.7782   22.3298   10.2845
   -4.1767  -17.8887  -29.1068  -40.5666  -47.2244  -48.1217  -49.6353  -44.4439
  -39.5408  -38.5003  -37.2363  -28.8510  -21.9414  -15.8363   -7.2182    4.7067
   18.6156   28.6897   32.6451   32.1901   36.2007   34.2576   28.2884   19.7637
   10.2475    0.5448  -10.5041  -14.5669  -17.9687  -16.5216  -13.8232  -15.9954
  -15.3703  -11.5513   -8.9912   -6.4458  -11.2976  -15.8529  -15.7624  -15.5985
  -15.0171   -9.2277   -2.0962    6.3442   15.0074   25.5449   34.1263   43.1578
   47.2959   44.6759   39.4711   28.0272   19.0213   13.8771    8.3362    2.9911
    1.7387    2.7757    4.8953    4.9433    2.9404    0.1676   -8.3979   -9.7007
  -11.1560  -13.1190  -15.0172  -10.2186   -2.5184    3.5999   11.0659   13.3030
   18.3212   18.5050   19.2596   15.0777    4.7899   -3.7854  -10.5577  -13.4035
   -8.8045   -1.3938    3.4482    8.6698    9.6948   13.6172   19.6686   24.8103
   29.8496   31.6873   30.7150   23.1711   13.5291    1.2321   -7.3396  -13.5941
  -17.1348  -18.6093  -18.2971  -12.7818   -7.0340    2.4091    8.8171   10.8350
   12.6964   19.7745   24.8660   26.2931   28.2655   28.3088   26.9722   23.1536
   20.9326   17.9307    7.6442   -1.1303  -11.6653  -21.8203  -32.8887  -43.0766
  -43.7704  -41.7031  -34.6792  -24.4548  -15.3355   -7.3379   -1.5907    7.8431
   16.5741   24.0084   32.6406   46.2314   58.9543   73.4438
