   -0.5316   -1.2402   -1.3355    0.0860    0.4229    0.1548    0.1509    2.6891
    0.4805   -0.3916   -0.1467   -0.5698   -0.5443    0.3873   -1.0004    1.4548
   -0.2775   -0.0748   -1.0204   -0.3834    2.9557   -0.6616    0.8603   -1.2585
   -1.4331   -1.6309   -1.6155   -1.1241   -0.1210   -0.3579   -1.5482   -0.6803
    0.3556    0.7712   -0.3354   -0.9318    0.4982    2.1172   -1.9404   -1.3303
   -1.1807    1.4626   -0.4338    0.3387   -0.7575   -2.2268   -1.2592    0.4163
    1.9187    1.1813    2.0022    0.6824    1.5057    0.6381    0.9189    0.9642
    2.5665    1.1721    1.3912    1.7497   -0.5785    0.6058   -0.7032   -1.3807
   -0.4635   -0.5449    1.5497    1.4986    0.0507   -0.7457   -0.1068   -1.0281
   -0.4915    0.8652   -1.2224   -0.4274   -0.0291   -0.4731   -0.9945    0.7132
   -0.4472    0.4895    0.8517   -0.1058   -1.6394   -0.5922   -0.6321   -0.2226
   -0.1413   -0.7285    1.5696   -1.7953   -2.0643   -0.4854   -2.5153   -2.6083
   -2.1708   -0.4025   -1.2726   -1.7559    0.0603   -1.1515   -1.6446    0.2292
    0.8184    0.2596    1.0864   -0.2291    0.7158   -0.8839    0.4645    1.6493
   -0.0018    0.2859    1.0704    0.6400   -1.0801    0.5569    1.3258    0.4878
   -0.0805   -0.7043   -0.4148   -0.5600    0.3007    0.7596    1.9676    1.4439
    0.8097    0.5670    0.8794    0.4682    0.0244    0.3471   -1.4509    0.0840
    0.8772    0.9109    0.9814    0.8735   -1.2267   -0.5929    0.0974   -0.5439
   -0.1864   -0.2267    0.2909    0.4391    1.6007   -0.3391    0.7604    1.2667
   -0.5469   -2.0717    0.1032   -0.8957   -0.2995   -0.5436   -1.3505   -1.7606
   -1.2545    0.5542   -1.8729    0.5303    0.3662   -0.7687   -0.9429   -1.0390
   -1.8829   -0.5918   -0.3074    1.0375   -0.8654    0.9921    1.4374    1.3635
    1.6056   -2.7024   -0.3755    1.2918    0.5535    0.0051    1.0287    0.1850
   -0.3267   -0.3881    2.5220    2.9560    2.0676    0.3443   -0.5042    0.6972
    2.0633    1.3433    2.3265    1.5505    1.8440    1.7833    1.5835   -0.3062
