    3.9224    6.8655    8.2334   12.8271   13.5538    8.9777    1.0583   -2.4241
    1.7453   -1.4835  -12.9371  -10.0433   -9.9670   -0.0601    3.3771   -1.4785
   -0.8594   -3.6066   -5.1817   -8.4907   -3.0208    6.7099    4.8914    0.3471
   -0.8526   -5.5900   -4.7112   -5.3509    6.9314    6.7017   -7.1097   -0.7830
    3.3048    2.9805    4.2633    9.0400   11.4287    6.3295    2.6628    3.2950
    9.6518   11.5190    5.5310    4.8461   -4.4899  -10.4928  -11.0020  -15.2548
   -8.7725    1.9396    6.3810    6.2315    4.7149   -6.8510  -11.8151   -9.2682
  -11.9291   -2.8438    3.6022    8.8603   11.0818    0.1690   -3.4874    2.4187
    3.2212   -3.9171   -4.5163    1.8965   -1.3498   -4.5190   -2.2298   -0.0299
    5.7174    5.1339    2.3146   10.0041   17.4590   20.9994    7.7468   -1.9500
    1.5985   -0.2769    3.3840   -1.6527   -1.9528    5.6380    2.2313    0.8225
    8.4037    2.7646    0.4810    2.0900    3.9540    6.3110    5.5129    8.4516
    8.1719    6.1726    4.8945   -4.1036
