   -1.7674   -1.1474   -3.8516    3.2192    1.9691   -9.5220    5.4356    1.6375
   -0.9568   10.3978   -4.0845   -1.4745   -1.8195   -9.2717    0.3449    8.0307
    2.6692   -2.3518   -0.9569  -14.6369   15.3598    1.8987   -2.6081   -5.7050
   -0.8346    9.7834   -0.1643  -12.8384    4.0617    4.1687    9.8813    0.3602
   -7.4134    0.9831   -7.4019   -2.1492    2.8407    0.2180    0.6179    0.1559
   -0.5128   -0.0729   -5.8650   20.8604   -4.7484   -3.2736   -8.0937    8.1119
    0.4221    4.7949  -12.7489   -2.8799    6.3491    6.8736   -6.4488    0.1577
   -1.0541   -0.2337   -5.2490   12.0596   -4.8121    4.8392   -8.1427    6.2231
   -6.8867    2.5209    5.9394  -11.3916    6.8227    0.8028   -1.8708   -1.2621
    2.4791    4.7385   -8.3789    4.6964   -7.6919    5.4443   -0.8282    8.1315
   -9.4022    6.0988    1.6006   -9.7468    4.1988    1.9433    6.2895   -8.1661
   -4.4758    3.7814    7.6828  -10.7915   -3.9504    3.9794    9.7873   -0.7255
   -8.1870   -0.5340    6.6723   -2.0080    3.9150   -3.7676    7.4697   -7.1168
   -1.9812   -1.1677   -5.1263   12.5333   -6.6501    0.8819    4.1414   -6.9103
   16.6963  -20.4400    7.5918   -3.2377    4.4088   -7.8924   -3.8930   15.8235
   -4.5997    8.8287  -10.8687    9.1084    1.6465   -9.4107   -3.8286    0.0144
    6.6854    1.8182   -4.2032    2.0015  -12.3823    4.5066   -1.3608    9.5921
   -8.8937   -2.2918   15.8930   -7.6287    5.8770   -8.4608    6.3150   -7.5137
   -3.7823    4.1783    2.7246    3.6473    7.4792  -12.1333   -0.4964    2.1266
   -8.9257    1.9082   10.0964    0.2593   -7.0212    9.1690   -9.4903    1.9428
    0.2308   -1.9223    5.8129    1.6370  -11.0693    9.6256   -1.3621   -1.6355
    0.7418    2.3663   -4.3211   -0.7899    5.8895   -4.0838    1.1928    1.3214
   -1.3380   -8.5461    8.9990    5.4083   -2.5902    1.7206    0.4793   -6.7568
   -0.4538    6.5200   -3.9220    0.1612   -3.4535    3.7184   -4.1980    3.5596
    0.9489  -15.2556   17.7206    0.8985   -2.6459   -4.9107   -5.5344   10.2003
