130.683
131.244
142.488
147.175
152.42
151.849
152.586
152.476
148.158
155.987
154.824
191.347
137.02
134.462
153.025
158.615
163.519
162.964
164.59
163.989
159.298
163.992
169.98
206.174
145.276
146.332
173.562
170.795
175.527
178.509
173.198
182.445
175.128
178.642
184.272
221.549
158.004
155.156
181.91
176.635
190.269
191.609
182.909
193.37
182.521
184.276
193.405
227.552
167.372
173.941
191.851
191.886
205.797
196.842
197.14
204.27
189.424
201.927
203.621
237.478
181.073
178.428
203.75
199.219
211.516
205.491
208.856
211.952
201.415
210.145
207.533
249.389
187.445
183.767
207.973
212.262
221.155
220.867
217.687
216.605
208.915
220.499
218.969
265.618
196.81
199.451
230.23
227.109
237.462
236.83
236.992
240.478
230.665
233.193
240.857
293.013
213.709
227.087
253.717
239.051
257.581
255.066
244.445
257.487
243.624
245.167
252.145
294.197
226.791
223.971
253.439
249.062
268.658
260.315
251.504
266.46
236.21
265.188
262.004
298.666
230.546
228.084
257.133
257.357
271.682
260.385
266.795
277.716
246.35
259.945
263.738
308.821
242.271
233.478
264.532
265.99
281.482
271.242
279.323
285.212
265.331
273.781
272.396
327.693
252.818
253.689
287.944
284.325
296.253
289.664
294.875
294.133
282.974
287.468
294.278
354.627
263.469
265.32
306.384
302.054
311.292
317.375
316.887
321.409
300.439
302.213
311.715
370.726
286.152
282.417
326.153
316.526
337.393
330.844
325.905
339.155
310.775
312.976
323.089
380.188
295.284
290.065
335.917
321.981
353.201
338.189
333.815
349.191
317.145
331.073
341.848
387.473
307.644
308.244
334.464
331.051
357.342
339.831
344.191
342.508
313.411
311.565
299.372
346.685
274.2
264.645
290.227
292.175
307.643
306.209
309.002
314.707
288.261
300.515
304
362.868
279.259
275.788
321.581
317.191
325.075
319.404
321.14
322.526
307.894
315.284
328.58
387.141
298.943
300.267
345.402
339.333
349.294
346.914
341.632
352.476
333.845
337.275
351.626
408.983
315.626
331.777
368.818
349.455
373.374
356.32
351.761
373.268
342.986
356.285
369.122
417.445
334.673
333.431
375.24
363.908
390.609
370.369
377.98
389.201
353.467
370.48
378.928
430.736
340.554
337.371
383.428
383.622
407.633
385.525
394.494
400.267
373.426
387.116
389.581
449.272
348.575
339.18
389.831
384.957
406.577
395.674
404.158
403.339
379.473
390.938
394.128
462.497
